Compound Name	m/z	Retention time[min]	adduct
PG(12:0/12:0) ISTD	609.377	6.61	[M-H]-
PI(18:0_22:0)	921.643183		[M-H]-
PS(18:0_18:1)	788.544167	15.08	[M-H]-
